International Space Station
1 25544U 98067A   17068.76821694  .00003731  00000-0  63486-4 0  9990
2 25544  51.6420 173.8849 0006942 269.1458 195.4018 15.54170249 46293
OSCAR 3
1  1293U 65016F   17079.60625762 +.00000205 +00000-0 +15712-3 0  9997
2  1293 070.0747 160.9918 0018271 337.5540 022.4770 14.06150634657899
OSCAR 5
1  4321U 70008B   17079.80525682 -.00000056 +00000-0 -70832-4 0  9992
2  4321 101.7580 147.8371 0027503 341.3138 132.5424 12.52169136154978
OSCAR 6
1  6236U 72082B   17079.87938698 -.00000040 +00000-0 +27497-4 0  9996
2  6236 101.7000 046.3547 0004360 126.9138 287.9774 12.53135549032164
OSCAR 7
1  7530U 74089B   17079.89424865 -.00000022 +00000-0 +13890-3 0  9992
2  7530 101.6202 050.3557 0012269 132.1209 284.4515 12.53626019937566
OSCAR 8
1 10703U 78026B   17079.90411959 +.00000254 +00000-0 +20433-3 0  9992
2 10703 098.8756 045.1766 0005712 205.2519 214.5012 13.99216452992023
OSCAR 10
1 14129U 83058B   17079.36641773 -.00000456 +00000-0 +00000-0 0  9998
2 14129 026.9251 048.5313 6022612 281.7832 272.7293 02.05873723225994
OSCAR 11 (UoSAT 2)
1 14781U 84021B   17079.90716917 +.00000086 +00000-0 +16924-4 0  9990
2 14781 097.7094 128.8196 0009790 124.0856 236.1288 14.82869619756265
OSCAR 16 (PACSAT)
1 20439U 90005D   17079.82695017 +.00000020 +00000-0 +23449-4 0  9992
2 20439 098.6023 019.7631 0011921 065.6120 350.9337 14.32671466418507
OSCAR 17 (DOVE)
1 20440U 90005E   17079.85118600 +.00000034 +00000-0 +28464-4 0  9992
2 20440 098.5824 018.9620 0011821 052.0194 015.2062 14.33066316418998
OSCAR 18 (WEBERSAT)
1 20441U 90005F   17079.78386001 +.00000026 +00000-0 +25796-4 0  9993
2 20441 098.5852 018.1759 0012524 060.3541 351.6256 14.32719537418603
OSCAR 19 (LUSAT)
1 20442U 90005G   17079.80841439 +.00000008 +00000-0 +18795-4 0  9999
2 20442 098.5695 017.2510 0012741 052.2301 308.0035 14.32852166418909
JAS 1B (FUJI 2)
1 20480U 90013C   17079.92246876 -.00000014 +00000-0 +47534-4 0  9998
2 20480 099.0376 229.6755 0539602 230.8660 124.3292 12.83415273270352
COSMOS 2123
1 21089U 91007A   17079.76159295 +.00000007 +00000-0 -80147-5 0  9998
2 21089 082.9243 323.4280 0029225 356.9596 066.1579 13.74645295310201
OSCAR 22 (UoSAT 5)
1 21575U 91050B   17079.95392735 +.00000018 +00000-0 +20042-4 0  9993
2 21575 098.7620 094.2354 0006976 194.4149 165.6840 14.40788081348377
OSCAR 23 (KITSAT 1)
1 22077U 92052B   17079.90128751 -.00000061 +00000-0 +31684-5 0  9998
2 22077 066.0844 151.4853 0004341 346.0877 061.4922 12.86517477155667
KITSAT B
1 22825U 93061C   17079.89046423 +.00000007 +00000-0 +20398-4 0  9991
2 22825 098.8018 044.4372 0007564 224.4375 135.6200 14.29989209224512
POSAT 1
1 22826U 93061D   17079.87181761 +.00000021 +00000-0 +25500-4 0  9991
2 22826 098.7960 044.5107 0008209 214.4896 145.5754 14.30317239224951
ITAMSAT
1 22828U 93061F   17079.88933398 +.00000010 +00000-0 +21242-4 0  9992
2 22828 098.7866 043.3370 0009727 182.1107 178.0036 14.30626134193315
EYESAT A
1 22829U 93061G   17079.89872279 -.00000001 +00000-0 +17060-4 0  9998
2 22829 098.7903 046.0352 0009771 173.0113 245.2096 14.30961238225443
RADIO ROSTO
1 23439U 94085A   17079.94734428 -.00000061 +00000-0 -51948-3 0  9991
2 23439 064.8198 001.8895 0167768 260.9660 182.0232 11.27565588915465
JAS 2
1 24278U 96046B   17079.94734571 -.00000053 +00000-0 -16774-4 0  9991
2 24278 098.5765 334.8954 0349900 205.8402 152.4893 13.53075012016698
TMSAT
1 25396U 98043C   17079.79424677 +.00000019 +00000-0 +26752-4 0  9995
2 25396 098.5758 025.8493 0001905 201.7008 158.4091 14.24432217971367
TECHSAT 1B
1 25397U 98043D   17079.91907247 -.00000002 +00000-0 +18026-4 0  9997
2 25397 098.6018 024.1559 0000239 203.1608 156.9560 14.23617348971019
SEDSAT 1
1 25509U 98061B   17079.47902476 +.00000081 +00000-0 +27732-5 0  9993
2 25509 031.4333 208.6563 0347128 306.1569 050.7407 14.30267718961430
PAN SAT
1 25520U 98064B   17079.61630468 +.00000785 +00000-0 +19870-4 0  9998
2 25520 028.4554 227.5747 0005604 100.4184 259.7043 15.28242512020410
ISS (ZARYA)
1 25544U 98067A   17079.63244476 +.00000994 +00000-0 +22236-4 0  9991
2 25544 051.6417 119.7224 0006987 317.2121 134.4987 15.54227045047988
OSCAR 36 (UOSAT 12)
1 25693U 99021A   17079.37592746 -.00000065 +00000-0 +10493-4 0  9996
2 25693 064.5567 039.3960 0026659 320.8318 039.0857 14.80720950966743
OPAL
1 26063U 00004C   17079.84157873 -.00000009 +00000-0 +17035-4 0  9998
2 26063 100.2253 066.9941 0036252 196.5074 163.4928 14.36655971898495
SAUDISAT 1A
1 26545U 00057A   17079.95517508 +.00000012 +00000-0 +19437-4 0  9999
2 26545 064.5563 000.7122 0048548 238.4490 121.1872 14.84717918891251
TIUNGSAT 1
1 26548U 00057D   17079.83981545 +.00000028 +00000-0 +19702-4 0  9997
2 26548 064.5499 276.5088 0041080 237.1608 122.5543 14.88955849892743
SAUDISAT 1B
1 26549U 00057E   17079.93306284 -.00000002 +00000-0 +18195-4 0  9998
2 26549 064.5542 034.4951 0053455 240.1831 119.3955 14.83331098890348
AMSAT OSCAR 40
1 26609U 00072B   17078.70624557 -.00000337 +00000-0 +00000-0 0  9995
2 26609 006.3023 239.9135 7950623 093.9911 349.3479 01.25588193075097
PCSAT
1 26931U 01043C   17079.94043636 -.00000005 +00000-0 +29870-4 0  9994
2 26931 067.0518 318.8851 0007508 278.3292 081.6958 14.30451389807658
SAPPHIRE
1 26932U 01043D   17079.82672883 -.00000046 +00000-0 +14127-4 0  9998
2 26932 067.0569 321.3893 0007522 291.5033 068.5266 14.30242700807668
RUBIN 2
1 27605U 02058A   17079.94245733 -.00000047 +00000-0 +13755-4 0  9993
2 27605 064.5574 017.2995 0035884 138.6808 221.7019 14.74886694766400
SAUDISAT 1C
1 27607U 02058C   17079.94951603 +.00000014 +00000-0 +22597-4 0  9992
2 27607 064.5564 035.1928 0034945 138.7864 221.5886 14.75295731765963
MOZHAYETS 4
1 27939U 03042A   17079.96680258 +.00000150 +00000-0 +35476-4 0  9992
2 27939 097.9243 227.6234 0013917 141.9691 330.9054 14.66534622720242
AMSAT ECHO
1 28375U 04025K   17079.95353305 +.00000015 +00000-0 +17650-4 0  9992
2 28375 098.3532 015.2730 0082302 188.7524 171.2235 14.41828839669049
HAMSAT
1 28650U 05017B   17079.89898285 +.00000306 +00000-0 +38371-4 0  9990
2 28650 097.6422 057.2803 0024998 064.5721 295.8079 14.88590988643031
SSETI-EXPRESS
1 28894U 05043E   17079.93007301 +.00000076 +00000-0 +24143-4 0  9991
2 28894 097.8684 241.1758 0018477 077.9532 282.3739 14.61426624606971
MOZ.5/SAFIR/RUBIN 5/SL-8
1 28898U 05043G   17079.44705141 +.00000005 +00000-0 +10192-4 0  9999
2 28898 097.9121 233.1221 0021156 106.1868 254.1663 14.60168584230257
PEHUENSAT 1
1 29712U 07001D   17079.92614940 +.00002377 +00000-0 +14239-3 0  9999
2 29712 097.5605 104.9967 0006480 204.9469 155.1449 15.11954102553891
DELFI C3
1 32789U 08021G   17079.91292268 +.00001933 +00000-0 +14209-3 0  9998
2 32789 097.5693 139.9766 0013618 047.1955 313.0414 15.04523126483494
YUBELEINY
1 32953U 08025A   17079.66956494 +.00000005 +00000-0 -33527-4 0  9990
2 32953 082.5002 294.7091 0019551 117.4311 242.8760 12.43075273400425
PRISM (HITOMI)
1 33493U 09002B   17079.85062101 -.00000069 +00000-0 -45430-6 0  9999
2 33493 098.1810 318.5001 0016322 018.3248 341.8565 14.95510336442570
STARS (KUKAI)
1 33498U 09002G   17079.96617611 +.00000259 +00000-0 +43193-4 0  9999
2 33498 098.3153 251.0071 0009784 272.8529 238.5372 14.78506611438438
KKS-1 (KISEKI)
1 33499U 09002H   17079.83105968 +.00000110 +00000-0 +24368-4 0  9992
2 33499 098.3210 242.6777 0008030 299.2861 060.7544 14.75149268437913
SUMBANDILA
1 35870U 09049F   17079.78206720 +.00004284 +00000-0 +71762-4 0  9996
2 35870 097.1089 097.3397 0003965 059.8633 025.1123 15.52391937419502
XIWANG-1 (HOPE-1)
1 36122U 09072B   17079.94598157 -.00000026 +00000-0 +41801-4 0  9991
2 36122 100.1106 110.1641 0008190 080.3710 279.8329 13.16338650348917
JUGNU
1 37839U 11058B   17079.71107832 +.00000339 +00000-0 +38795-4 0  9999
2 37839 019.9611 266.9496 0018967 288.3742 172.9681 14.12575459281172
SRMSAT
1 37841U 11058D   17079.92691201 +.00000326 +00000-0 +33927-4 0  9991
2 37841 019.9726 305.5074 0011932 191.6824 251.2598 14.10567744280719
RAX-2
1 37853U 11061D   17079.49025790 +.00000870 +00000-0 +57695-4 0  9996
2 37853 101.7197 261.4625 0176711 350.5225 009.2665 15.01081960293334
AUBIESAT-1
1 37854U 11061E   17079.83351383 +.00000786 +00000-0 +50620-4 0  9992
2 37854 101.7116 268.4898 0168539 336.4294 022.9257 15.03727313293209
M-CUBED/EXP-1 PRIME
1 37855U 11061F   17079.78224928 +.00001164 +00000-0 +69427-4 0  9997
2 37855 101.7243 266.2738 0181847 342.5364 016.9644 15.02682546293045
CHIBIS-M
1 38051U 11062C   14288.65876392  .70201582  12497-4  27925-2 0  9995
2 38051 051.5964 324.1908 0006422 269.6897 186.8903 16.43533377153081
MASAT-1
1 38081U 12006E   15009.86954674  .36181825  49011-5  43735-3 0  9992
2 38081 069.4150 141.5751 0006093 101.2598 259.4750 16.49686879155248
